010401
010500
010600
010700
010800
010900
011100
050301
050302
050303
050304
050501
050502
050503
050504
060201
060202
060301
060302
060303
060304
061101
061102
061103
061104
070601
070603
070604
080101
080102
080103
080104
080105
090101
090102
100102
100103
100104
100105
120201
120202
120203
130101
130102
130103
140400
140500
140600
140700
140800
140900
141201
141202
141203
141204
141205
141206
150600
150701
150702
150703
150704
150705
150706
160105
160106
160107
160108
160109
160302
160303
160304
160305
160306
160307
160308
160309
170100
200200
200300
